      0/99      2.6G    0.0536   0.01696   0.02729   0.09784         1       640  0.001017    0.0303  0.000412 8.239e-05   0.08747   0.01634   0.02922
      1/99     3.25G   0.05409   0.01683     0.029   0.09991         1       640 0.0007289    0.1667 0.0003841 3.841e-05   0.08277    0.0171   0.02879
      2/99     3.25G   0.05017   0.01723   0.02765   0.09505         1       640 0.0009059    0.1515 0.0003889 0.0001103   0.08091   0.01747   0.02854
      3/99     3.26G   0.04796   0.01737   0.02745   0.09278         1       640  0.000921   0.06061 0.0005966 8.986e-05   0.07688    0.0178    0.0282
      4/99     3.26G   0.05306    0.0173   0.02886   0.09921         1       640 0.0009451    0.0303 0.0005159 0.0001926   0.07634   0.01763   0.02808
      5/99     3.26G   0.05252   0.01734   0.03108    0.1009         4       640 0.0004239    0.1818 0.0003231 6.389e-05   0.06997   0.01779   0.02775
      6/99     3.26G   0.05452   0.01719   0.03099    0.1027         1       640  0.000445    0.1515 0.0003628 5.132e-05    0.0666   0.01782   0.02782
      7/99     3.26G   0.05211   0.01692   0.03212    0.1011         2       640 0.0006426    0.1818 0.0004651 8.402e-05   0.06467    0.0178   0.02774
      8/99     3.26G   0.04865   0.01643   0.03007   0.09515         1       640 0.0008345     0.197 0.0007795  0.000178   0.06305   0.01769   0.02751
      9/99     3.26G    0.0457   0.01643   0.02919   0.09131         2       640  0.001158    0.1364 0.0007559 0.0001664   0.06204   0.01742   0.02754
     10/99     3.26G    0.0453   0.01592   0.02852   0.08974         1       640 0.0004589    0.1667 0.0003652  0.000104   0.05877   0.01724    0.0277
     11/99     3.26G   0.04629   0.01605   0.02985   0.09219         2       640 0.0005372    0.2121  0.000518 0.0001257   0.05807   0.01671   0.02771
     12/99     3.26G   0.04677   0.01582   0.02937   0.09196         2       640   0.02159   0.06061   0.01045  0.005565   0.05803   0.01608   0.02779
     13/99     3.26G   0.04337    0.0145   0.02841   0.08628         1       640   0.03213   0.06061   0.01893  0.003614   0.05863   0.01561   0.02783
     14/99     3.26G   0.04645   0.01447   0.02888   0.08981         1       640   0.06617    0.0303   0.03343   0.01609   0.05631   0.01564   0.02783
     15/99     3.26G   0.04645   0.01366   0.02991   0.09002         4       640     0.157    0.0303   0.03583   0.01616   0.05792   0.01487   0.02793
     16/99     3.26G   0.04538   0.01321   0.02928   0.08787         2       640  0.001781    0.3788   0.00215  0.000473   0.05725   0.01454   0.02787
     17/99     3.26G   0.04527   0.01315   0.02881   0.08722         4       640   0.02297   0.06061   0.01152  0.003673   0.05927   0.01402   0.02797
     18/99     3.26G   0.04406   0.01214   0.02876   0.08495         2       640    0.3025    0.0303    0.0133  0.003599    0.0606   0.01348   0.02796
     19/99     3.26G   0.04768    0.0123   0.02996   0.08995         2       640 0.0004394   0.07576 0.0002694  6.02e-05   0.06447   0.01262   0.02788
     20/99     3.26G   0.04761   0.01126   0.03053    0.0894         4       640 0.0008877   0.07576  0.001075 0.0002196   0.06303   0.01259   0.02784
     21/99     3.26G   0.04784    0.0108   0.02988   0.08851         2       640    0.7242    0.0303   0.03193  0.009344   0.06239   0.01182   0.02768
     22/99     3.26G   0.04802   0.01052   0.03031   0.08885         5       640   0.00321   0.06061  0.001821 0.0005281   0.06294   0.01172   0.02762
     23/99     3.26G   0.04545   0.01021   0.02955   0.08521         0       640  0.001008    0.1818 0.0005426 0.0001318   0.06025   0.01166   0.02764
     24/99     3.26G   0.04503   0.01012    0.0289   0.08404         4       640  0.001552    0.1212   0.00137 0.0003877   0.05718    0.0119   0.02774
     25/99     3.26G   0.04548  0.009936   0.02862   0.08403         1       640    0.9979    0.0303   0.03507  0.004255   0.06254   0.01081    0.0281
     26/99     3.26G   0.04434  0.009786   0.02817    0.0823         2       640  0.004797    0.0303  0.001907  0.000916   0.06548   0.01021   0.02812
     27/99     3.26G   0.04611  0.009022   0.02916   0.08429         1       640 0.0009784    0.1818 0.0007033 8.954e-05   0.06972  0.009131   0.02818
     28/99     3.26G   0.04457  0.008347   0.02781   0.08072         0       640    0.9956    0.0303   0.03361  0.006464    0.0692   0.00911   0.02823
     29/99     3.26G   0.04429  0.008374   0.02883    0.0815         2       640 0.0008958    0.2879 0.0006893 0.0001963    0.0691  0.008924   0.02851
     30/99     3.26G   0.04521  0.008189    0.0271    0.0805         2       640  0.002839    0.0303   0.00318 0.0007362   0.06955  0.008776   0.02883
     31/99     3.26G   0.04678  0.007792   0.02992   0.08449         2       640    0.6454    0.0303  0.006722  0.003873   0.06994  0.008488   0.02922
     32/99     3.26G   0.04558  0.007501    0.0295   0.08258         2       640    0.8333   0.03029   0.00853  0.002214   0.06864  0.008547   0.02957
     33/99     3.26G   0.04479   0.00785   0.02939   0.08202         4       640    0.6463    0.0303  0.006653  0.001984   0.06875  0.008316    0.0301
     34/99     3.26G   0.04677   0.00786   0.03118    0.0858         3       640     0.737    0.0303  0.009341  0.001915    0.0691  0.008077   0.03004
     35/99     3.26G   0.04788  0.006866   0.02904   0.08379         2       640    0.7402   0.03009   0.01052  0.002681   0.07183  0.007447   0.03033
     36/99     3.26G   0.04918  0.006717   0.02951   0.08541         1       640    0.5543    0.0303  0.006058  0.002222   0.07401  0.007091    0.0306
     37/99     3.26G   0.04749  0.006803   0.03012   0.08442         2       640    0.2794    0.0303  0.006347  0.001831   0.06909  0.007687   0.03095
     38/99     3.26G   0.04276  0.007358   0.03046   0.08058         1       640  0.006303   0.09091  0.007651  0.002211   0.06831  0.007839   0.03135
     39/99     3.26G   0.04774  0.007277   0.03338   0.08839         4       640  0.005088    0.2879  0.006399  0.001648   0.06755  0.007979   0.03123
     40/99     3.26G   0.04533  0.006969   0.03216   0.08446         2       640    0.0051     0.303  0.006624  0.002622   0.06583  0.008221   0.03128
     41/99     3.26G   0.04328  0.007613   0.03323   0.08412         2       640  0.006872   0.08965  0.008772  0.003913   0.06405  0.008335   0.03161
     42/99     3.26G   0.04401  0.008193   0.03355   0.08576         2       640    0.4064    0.0303   0.03356  0.004659   0.06191   0.01006   0.03173
     43/99     3.26G   0.03925  0.007677   0.03076   0.07769         2       640   0.02448    0.1667    0.0308   0.01118   0.06158  0.009444   0.03242
     44/99     3.26G   0.04311  0.007787   0.03339   0.08428         2       640   0.04143     0.149   0.08009    0.0262   0.06516  0.008543   0.03304
     45/99     3.26G   0.04129  0.008811   0.03193   0.08204         1       640    0.3439   0.09091   0.09671   0.02035   0.06576  0.008324   0.03286
     46/99     3.26G   0.03727  0.007806   0.03176   0.07683         2       640   0.00375    0.6061  0.006427  0.001756   0.06637  0.008056   0.03297
     47/99     3.26G   0.03875   0.00768   0.03314   0.07957         1       640    0.5553    0.0303   0.01109  0.002572   0.06806  0.007786   0.03316
     48/99     3.26G   0.03943  0.007504   0.03262   0.07955         1       640    0.5512    0.0303  0.007856  0.002047   0.06985  0.007569   0.03308
     49/99     3.26G   0.03793  0.007643   0.03233    0.0779         4       640  0.006134    0.3182  0.006611  0.002226   0.07287  0.007259   0.03276
     50/99     3.26G   0.03784  0.007388   0.03232   0.07754         4       640   0.00543    0.2576  0.005049  0.002059   0.07404  0.007091   0.03238
     51/99     3.26G   0.04015  0.007667   0.03319     0.081         1       640  0.003078    0.3939  0.004727   0.00172   0.07026  0.007456   0.03217
     52/99     3.26G   0.03759  0.007969   0.03305   0.07861         6       640  0.002843    0.1515  0.003688  0.001543   0.06974  0.007443   0.03227
     53/99     3.26G   0.03795  0.008082   0.03095   0.07699         5       640  0.003161    0.6667  0.004311  0.001488   0.06891  0.007532   0.03206
     54/99     3.26G   0.03521  0.007746    0.0322   0.07515         2       640  0.002842    0.6818  0.004392  0.001746    0.0683  0.007651   0.03193
     55/99     3.26G   0.03807  0.007827   0.03289   0.07878         1       640  0.002785    0.6364  0.003859  0.001729   0.06815  0.007669   0.03193
     56/99     3.26G   0.03648  0.007515    0.0322    0.0762         1       640  0.003109    0.5606   0.00491  0.002014   0.06778  0.007672    0.0321
     57/99     3.26G   0.03287  0.007704   0.03102   0.07159         3       640  0.003925    0.7273  0.005651  0.002108   0.06669  0.007879   0.03199
     58/99     3.26G   0.03627  0.007953    0.0322   0.07643         3       640  0.003398    0.7879   0.00558  0.002032    0.0664  0.007829   0.03202
     59/99     3.26G   0.03938  0.007602   0.03297   0.07995         2       640  0.003162    0.7576   0.00522  0.002143   0.06614  0.007908   0.03207
     60/99     3.26G   0.03711  0.008271   0.03155   0.07694         0       640   0.09392   0.07576   0.00513  0.001735   0.06568  0.007966   0.03212
     61/99     3.26G   0.03741  0.007446   0.03123   0.07609         1       640     0.094   0.07576  0.005309  0.001728   0.06538  0.008004   0.03206
     62/99     3.26G   0.03607  0.007633   0.03295   0.07665         1       640    0.1819    0.0303 3.602e-05 1.081e-05   0.07082   0.02435   0.03677
     63/99     3.26G   0.03862  0.007434   0.03147   0.07752         1       640    0.1809   0.04545   0.04516  0.004551   0.07021    0.0205   0.03692
     64/99     3.26G   0.03664  0.008063   0.03262   0.07732         2       640 0.0001428   0.06061 5.332e-05 1.955e-05   0.06314   0.01333   0.03622
     65/99     3.26G   0.03839  0.007648   0.03175   0.07779         4       640  0.002057    0.1212  0.001989 0.0004166   0.06249  0.009288   0.03558
     66/99     3.26G   0.03761  0.008553   0.03181   0.07798         6       640  0.004469    0.2121  0.006952  0.001858   0.06587   0.00823   0.03341
     67/99     3.26G   0.03611  0.007073   0.03204   0.07522         1       640    0.5751   0.04545   0.02168   0.00902   0.06809  0.007516   0.03196
     68/99     3.26G   0.03695  0.007545   0.03221    0.0767         1       640   0.00419     0.197  0.006603  0.001587   0.06978  0.007199   0.03071
     69/99     3.26G    0.0403  0.007383   0.03221   0.07989         2       640   0.09548    0.0303  0.006773  0.001295   0.06851  0.007584   0.02956
     70/99     3.26G   0.03727  0.007569   0.03272   0.07757         3       640   0.09592    0.0303  0.005967  0.001022   0.06745  0.007933   0.02903
     71/99     3.26G   0.03698  0.007613   0.03262   0.07721         2       640  0.009275   0.06061  0.006552  0.001539   0.06792  0.007832   0.02877
     72/99     3.26G   0.03545  0.008011   0.03164    0.0751         2       640  0.004663    0.3788  0.008801  0.001702   0.06818  0.007694   0.02849
     73/99     3.26G   0.03591  0.008088    0.0322    0.0762         4       640  0.003666   0.08934  0.005125  0.001173   0.06767  0.007694   0.02871
     74/99     3.26G   0.03702  0.007532     0.031   0.07555         2       640  0.002634    0.2273  0.003727 0.0009658   0.06807  0.007712   0.02858
     75/99     3.26G    0.0407  0.008068   0.03485   0.08362         1       640  0.002415    0.5303     0.004  0.001038   0.06811  0.007668   0.02876
     76/99     3.26G   0.03663  0.008097   0.03096   0.07568         4       640  0.002545   0.04545  0.004082  0.001091   0.06796  0.007662    0.0291
     77/99     3.26G   0.03746  0.007253   0.03074   0.07546         1       640  0.003242   0.04545  0.005174  0.001362   0.06675  0.007889   0.02946
     78/99     3.26G   0.03652  0.008137    0.0319   0.07655         1       640  0.004091   0.04545    0.0056  0.001712   0.06706  0.007726   0.02929
     79/99     3.26G   0.03756  0.008216   0.03125   0.07703         2       640   0.01006   0.04545  0.007801  0.003109   0.06732  0.007665   0.02917
     80/99     3.26G   0.03664  0.007324   0.03132   0.07529         1       640   0.01486   0.04545   0.01098  0.005175   0.06745  0.007675   0.02927
     81/99     3.26G     0.036  0.008085   0.03132    0.0754         1       640    0.1135   0.04515   0.01416   0.00739   0.06689   0.00773   0.02956
     82/99     3.26G   0.03972  0.007456   0.03273    0.0799         2       640    0.0225     0.045   0.01434  0.007381    0.0669  0.007715   0.02958
     83/99     3.26G   0.03915  0.008174   0.03129   0.07861         2       640    0.3863   0.04527   0.01406  0.007416   0.06666  0.007791   0.02981
     84/99     3.26G   0.03911   0.00822   0.03212   0.07945         2       640    0.4718   0.04545   0.01144  0.005212   0.06642  0.007837   0.02996
     85/99     3.26G   0.03839  0.008367   0.03201   0.07877         3       640    0.2908   0.04545   0.01207  0.006311   0.06606  0.007859   0.02997
     86/99     3.26G   0.03644  0.008082   0.03027   0.07479         2       640    0.4845   0.04545   0.01874   0.00892   0.06621  0.007714   0.03028
     87/99     3.26G   0.03696  0.007573   0.03146     0.076         1       640    0.4847   0.04545   0.01931  0.008893   0.06605  0.007688   0.03024
     88/99     3.26G   0.03692  0.008013   0.03018   0.07511         2       640    0.4847   0.04545   0.01935  0.009045   0.06583  0.007701   0.03024
     89/99     3.26G   0.03539  0.008353   0.03085    0.0746         2       640    0.5416   0.04545   0.04922   0.02779    0.0651  0.007847   0.03022
     90/99     3.26G   0.03648   0.00788    0.0299   0.07426         1       640    0.1272   0.09091   0.03936   0.01025   0.06475  0.007932    0.0303
     91/99     3.26G   0.03503   0.00795   0.03026   0.07324         1       640    0.1271   0.09046   0.04442   0.01557   0.06456  0.007976   0.03046
     92/99     3.26G   0.03698  0.007646   0.03138     0.076         2       640    0.4847   0.04545   0.02105  0.008237   0.06464  0.007931   0.03025
     93/99     3.26G   0.03709  0.007671    0.0315   0.07627         2       640    0.4847   0.04545   0.01806  0.006897   0.06384  0.008068   0.03036
     94/99     3.26G   0.03777  0.007334   0.03173   0.07683         1       640    0.4087    0.0451   0.03627   0.01299   0.06357  0.008086   0.03022
     95/99     3.26G   0.03838  0.008516     0.031   0.07789         2       640    0.5433   0.04545   0.04987    0.0198   0.06371  0.007994   0.03037
     96/99     3.26G   0.03624  0.008011   0.03099   0.07525         2       640    0.5453   0.04545   0.04822   0.02318   0.06315  0.008133   0.03018
     97/99     3.26G   0.03685  0.007779   0.03187    0.0765         1       640       0.5   0.04545   0.03327   0.01034   0.06311  0.008138   0.03016
     98/99     3.26G   0.03639  0.008724   0.03232   0.07743         2       640    0.4087   0.04545   0.03717   0.01082   0.06342  0.008084   0.03021
     99/99     3.26G   0.03837  0.007831   0.03239   0.07859         4       640    0.1264   0.09091    0.0384  0.008615   0.06286  0.008217   0.02981
